0  1e-07  8e-08   -2.624174318e-16
1e-11  1.00981e-07  7.99984e-08   -2.624173943e-16
2e-11  1.01932e-07  7.99958e-08   -2.624172851e-16
3e-11  1.02848e-07  7.99931e-08   -2.624171099e-16
4e-11  1.03728e-07  7.99904e-08   -2.624168752e-16
5e-11  1.04574e-07  7.99877e-08   -2.624165876e-16
6e-11  1.05387e-07  7.99851e-08   -2.624162546e-16
7e-11  1.06168e-07  7.99826e-08   -2.624158839e-16
8e-11  1.0692e-07  7.99805e-08   -2.624154836e-16
9e-11  1.07647e-07  7.99786e-08   -2.624150612e-16
1e-10  1.08353e-07  7.99771e-08   -2.624146236e-16
1.1e-10  1.09042e-07  7.9976e-08   -2.624141765e-16
1.2e-10  1.09718e-07  7.99753e-08   -2.624137249e-16
1.3e-10  1.10387e-07  7.9975e-08   -2.624132731e-16
1.4e-10  1.11053e-07  7.99751e-08   -2.624128245e-16
1.5e-10  1.11721e-07  7.99755e-08   -2.624123825e-16
1.6e-10  1.12395e-07  7.99764e-08   -2.624119501e-16
1.7e-10  1.13079e-07  7.99776e-08   -2.624115308e-16
1.8e-10  1.13778e-07  7.99791e-08   -2.624111278e-16
1.9e-10  1.14495e-07  7.99808e-08   -2.624107447e-16
2e-10  1.15233e-07  7.99828e-08   -2.624103855e-16
2.1e-10  1.15995e-07  7.99849e-08   -2.624100537e-16
2.2e-10  1.16782e-07  7.99871e-08   -2.624097528e-16
2.3e-10  1.17595e-07  7.99894e-08   -2.624094855e-16
2.4e-10  1.18434e-07  7.99916e-08   -2.624092535e-16
2.5e-10  1.19298e-07  7.99936e-08   -2.62409057e-16
2.6e-10  1.20185e-07  7.99955e-08   -2.624088951e-16
2.7e-10  1.21093e-07  7.99971e-08   -2.624087653e-16
2.8e-10  1.2202e-07  7.99985e-08   -2.62408664e-16
2.9e-10  1.22961e-07  7.99996e-08   -2.624085871e-16
3e-10  1.23914e-07  8.00005e-08   -2.624085303e-16
3.1e-10  1.24877e-07  8.00012e-08   -2.624084893e-16
3.2e-10  1.25847e-07  8.00017e-08   -2.624084604e-16
3.3e-10  1.26823e-07  8.00021e-08   -2.624084406e-16
3.4e-10  1.27802e-07  8.00024e-08   -2.624084271e-16
3.5e-10  1.28785e-07  8.00026e-08   -2.624084182e-16
3.6e-10  1.29769e-07  8.00027e-08   -2.624084123e-16
3.7e-10  1.30754e-07  8.00028e-08   -2.624084085e-16
3.8e-10  1.3174e-07  8.00028e-08   -2.624084061e-16
3.9e-10  1.32727e-07  8.00029e-08   -2.624084046e-16
4e-10  1.33714e-07  8.00029e-08   -2.624084036e-16
4.1e-10  1.34701e-07  8.00029e-08   -2.62408403e-16
4.2e-10  1.35689e-07  8.00029e-08   -2.624084027e-16
4.3e-10  1.36676e-07  8.00029e-08   -2.624084024e-16
4.4e-10  1.37664e-07  8.00029e-08   -2.624084023e-16
4.5e-10  1.38652e-07  8.00029e-08   -2.624084022e-16
4.6e-10  1.39639e-07  8.00029e-08   -2.624084022e-16
4.7e-10  1.40627e-07  8.00029e-08   -2.624084021e-16
4.8e-10  1.41615e-07  8.00029e-08   -2.624084021e-16
4.9e-10  1.42602e-07  8.00029e-08   -2.624084021e-16
5e-10  1.4359e-07  8.00029e-08   -2.624084021e-16
5.1e-10  1.44578e-07  8.00029e-08   -2.624084021e-16
5.2e-10  1.45566e-07  8.00029e-08   -2.624084021e-16
5.3e-10  1.46553e-07  8.00029e-08   -2.624084021e-16
5.4e-10  1.47541e-07  8.00029e-08   -2.624084021e-16
5.5e-10  1.48529e-07  8.00029e-08   -2.624084021e-16
5.6e-10  1.49516e-07  8.00029e-08   -2.624084021e-16
5.7e-10  1.50504e-07  8.00029e-08   -2.624084021e-16
5.8e-10  1.51492e-07  8.00029e-08   -2.624084021e-16
5.9e-10  1.5248e-07  8.00029e-08   -2.624084021e-16
6e-10  1.53467e-07  8.00029e-08   -2.624084021e-16
6.1e-10  1.54455e-07  8.00029e-08   -2.624084021e-16
6.2e-10  1.55443e-07  8.00029e-08   -2.624084021e-16
6.3e-10  1.5643e-07  8.00029e-08   -2.624084021e-16
6.4e-10  1.57418e-07  8.00029e-08   -2.624084021e-16
6.5e-10  1.58406e-07  8.00029e-08   -2.624084021e-16
6.6e-10  1.59394e-07  8.00029e-08   -2.624084021e-16
6.7e-10  1.60381e-07  8.00029e-08   -2.624084021e-16
6.8e-10  1.61369e-07  8.00029e-08   -2.624084021e-16
6.9e-10  1.62357e-07  8.00029e-08   -2.624084021e-16
7e-10  1.63344e-07  8.00029e-08   -2.624084021e-16
7.1e-10  1.64332e-07  8.00029e-08   -2.624084021e-16
7.2e-10  1.6532e-07  8.00029e-08   -2.624084021e-16
7.3e-10  1.66308e-07  8.00029e-08   -2.624084021e-16
7.4e-10  1.67295e-07  8.00029e-08   -2.624084021e-16
7.5e-10  1.68283e-07  8.00029e-08   -2.624084021e-16
7.6e-10  1.69271e-07  8.00029e-08   -2.624084021e-16
7.7e-10  1.70258e-07  8.00029e-08   -2.624084021e-16
7.8e-10  1.71246e-07  8.00029e-08   -2.624084021e-16
7.9e-10  1.72234e-07  8.00029e-08   -2.624084021e-16
8e-10  1.73221e-07  8.00029e-08   -2.624084021e-16
