0  1e-07  8e-08   -2.624138634e-16
1e-11  1.00989e-07  8.00006e-08   -2.624138672e-16
2e-11  1.0198e-07  8.00012e-08   -2.624138721e-16
3e-11  1.02966e-07  8.00009e-08   -2.624138597e-16
4e-11  1.03938e-07  7.99994e-08   -2.624138057e-16
5e-11  1.04883e-07  7.99967e-08   -2.624136887e-16
6e-11  1.05792e-07  7.99932e-08   -2.624134984e-16
7e-11  1.0666e-07  7.99893e-08   -2.624132372e-16
8e-11  1.07487e-07  7.99856e-08   -2.624129175e-16
9e-11  1.08278e-07  7.99826e-08   -2.624125557e-16
1e-10  1.09039e-07  7.99803e-08   -2.624121678e-16
1.1e-10  1.0978e-07  7.99788e-08   -2.624117674e-16
1.2e-10  1.10509e-07  7.99783e-08   -2.624113654e-16
1.3e-10  1.11235e-07  7.99785e-08   -2.624109704e-16
1.4e-10  1.11966e-07  7.99794e-08   -2.624105895e-16
1.5e-10  1.12711e-07  7.99808e-08   -2.624102292e-16
1.6e-10  1.13474e-07  7.99828e-08   -2.624098955e-16
1.7e-10  1.14261e-07  7.99851e-08   -2.624095939e-16
1.8e-10  1.15074e-07  7.99875e-08   -2.624093286e-16
1.9e-10  1.15916e-07  7.999e-08   -2.624091027e-16
2e-10  1.16785e-07  7.99923e-08   -2.624089169e-16
2.1e-10  1.1768e-07  7.99944e-08   -2.624087696e-16
2.2e-10  1.18597e-07  7.99962e-08   -2.624086573e-16
2.3e-10  1.19533e-07  7.99976e-08   -2.624085748e-16
2.4e-10  1.20484e-07  7.99987e-08   -2.624085163e-16
2.5e-10  1.21447e-07  7.99995e-08   -2.62408476e-16
2.6e-10  1.22418e-07  8.00001e-08   -2.624084492e-16
2.7e-10  1.23395e-07  8.00005e-08   -2.624084316e-16
2.8e-10  1.24375e-07  8.00007e-08   -2.624084205e-16
2.9e-10  1.25358e-07  8.00009e-08   -2.624084134e-16
3e-10  1.26343e-07  8.0001e-08   -2.62408409e-16
3.1e-10  1.27329e-07  8.00011e-08   -2.624084063e-16
3.2e-10  1.28316e-07  8.00011e-08   -2.624084047e-16
3.3e-10  1.29303e-07  8.00011e-08   -2.624084037e-16
3.4e-10  1.3029e-07  8.00011e-08   -2.62408403e-16
3.5e-10  1.31278e-07  8.00011e-08   -2.624084027e-16
3.6e-10  1.32265e-07  8.00012e-08   -2.624084024e-16
3.7e-10  1.33253e-07  8.00012e-08   -2.624084023e-16
3.8e-10  1.34241e-07  8.00012e-08   -2.624084022e-16
3.9e-10  1.35228e-07  8.00012e-08   -2.624084022e-16
4e-10  1.36216e-07  8.00012e-08   -2.624084021e-16
4.1e-10  1.37204e-07  8.00012e-08   -2.624084021e-16
4.2e-10  1.38191e-07  8.00012e-08   -2.624084021e-16
4.3e-10  1.39179e-07  8.00012e-08   -2.624084021e-16
4.4e-10  1.40167e-07  8.00012e-08   -2.624084021e-16
4.5e-10  1.41154e-07  8.00012e-08   -2.624084021e-16
4.6e-10  1.42142e-07  8.00012e-08   -2.624084021e-16
4.7e-10  1.4313e-07  8.00012e-08   -2.624084021e-16
4.8e-10  1.44118e-07  8.00012e-08   -2.624084021e-16
4.9e-10  1.45105e-07  8.00012e-08   -2.624084021e-16
5e-10  1.46093e-07  8.00012e-08   -2.624084021e-16
5.1e-10  1.47081e-07  8.00012e-08   -2.624084021e-16
5.2e-10  1.48068e-07  8.00012e-08   -2.624084021e-16
5.3e-10  1.49056e-07  8.00012e-08   -2.624084021e-16
5.4e-10  1.50044e-07  8.00012e-08   -2.624084021e-16
5.5e-10  1.51032e-07  8.00012e-08   -2.624084021e-16
5.6e-10  1.52019e-07  8.00012e-08   -2.624084021e-16
5.7e-10  1.53007e-07  8.00012e-08   -2.624084021e-16
5.8e-10  1.53995e-07  8.00012e-08   -2.624084021e-16
5.9e-10  1.54982e-07  8.00012e-08   -2.624084021e-16
6e-10  1.5597e-07  8.00012e-08   -2.624084021e-16
6.1e-10  1.56958e-07  8.00012e-08   -2.624084021e-16
6.2e-10  1.57946e-07  8.00012e-08   -2.624084021e-16
6.3e-10  1.58933e-07  8.00012e-08   -2.624084021e-16
6.4e-10  1.59921e-07  8.00012e-08   -2.624084021e-16
6.5e-10  1.60909e-07  8.00012e-08   -2.624084021e-16
6.6e-10  1.61896e-07  8.00012e-08   -2.624084021e-16
6.7e-10  1.62884e-07  8.00012e-08   -2.624084021e-16
6.8e-10  1.63872e-07  8.00012e-08   -2.624084021e-16
6.9e-10  1.6486e-07  8.00012e-08   -2.624084021e-16
7e-10  1.65847e-07  8.00012e-08   -2.624084021e-16
7.1e-10  1.66835e-07  8.00012e-08   -2.624084021e-16
7.2e-10  1.67823e-07  8.00012e-08   -2.624084021e-16
7.3e-10  1.6881e-07  8.00012e-08   -2.624084021e-16
7.4e-10  1.69798e-07  8.00012e-08   -2.624084021e-16
7.5e-10  1.70786e-07  8.00012e-08   -2.624084021e-16
7.6e-10  1.71773e-07  8.00012e-08   -2.624084021e-16
7.7e-10  1.72761e-07  8.00012e-08   -2.624084021e-16
7.8e-10  1.73749e-07  8.00012e-08   -2.624084021e-16
7.9e-10  1.74736e-07  8.00012e-08   -2.624084021e-16
8e-10  1.75723e-07  8.00012e-08   -2.624084021e-16
