0  1e-07  8e-08   -2.624103527e-16
1e-11  1.01001e-07  8.00035e-08   -2.624104116e-16
2e-11  1.02044e-07  8.00086e-08   -2.624105784e-16
3e-11  1.03125e-07  8.00118e-08   -2.624108102e-16
4e-11  1.04212e-07  8.00113e-08   -2.624110263e-16
5e-11  1.05272e-07  8.00074e-08   -2.624111426e-16
6e-11  1.06277e-07  8.00013e-08   -2.624111167e-16
7e-11  1.07218e-07  7.99951e-08   -2.624109592e-16
8e-11  1.081e-07  7.99901e-08   -2.624107097e-16
9e-11  1.08938e-07  7.99868e-08   -2.624104103e-16
1e-10  1.0975e-07  7.99852e-08   -2.624100935e-16
1.1e-10  1.10553e-07  7.99851e-08   -2.624097819e-16
1.2e-10  1.11361e-07  7.99862e-08   -2.624094912e-16
1.3e-10  1.12185e-07  7.99881e-08   -2.624092322e-16
1.4e-10  1.13033e-07  7.99904e-08   -2.62409012e-16
1.5e-10  1.13907e-07  7.99928e-08   -2.624088338e-16
1.6e-10  1.14807e-07  7.99951e-08   -2.624086969e-16
1.7e-10  1.15731e-07  7.99969e-08   -2.624085969e-16
1.8e-10  1.16674e-07  7.99984e-08   -2.624085273e-16
1.9e-10  1.17632e-07  7.99994e-08   -2.624084808e-16
2e-10  1.186e-07  8.00001e-08   -2.624084508e-16
2.1e-10  1.19576e-07  8.00006e-08   -2.624084319e-16
2.2e-10  1.20556e-07  8.00009e-08   -2.624084202e-16
2.3e-10  1.21539e-07  8.00011e-08   -2.62408413e-16
2.4e-10  1.22524e-07  8.00012e-08   -2.624084087e-16
2.5e-10  1.2351e-07  8.00013e-08   -2.624084061e-16
2.6e-10  1.24496e-07  8.00013e-08   -2.624084045e-16
2.7e-10  1.25483e-07  8.00013e-08   -2.624084036e-16
2.8e-10  1.26471e-07  8.00013e-08   -2.62408403e-16
2.9e-10  1.27458e-07  8.00013e-08   -2.624084026e-16
3e-10  1.28446e-07  8.00013e-08   -2.624084024e-16
3.1e-10  1.29433e-07  8.00013e-08   -2.624084023e-16
3.2e-10  1.30421e-07  8.00013e-08   -2.624084022e-16
3.3e-10  1.31409e-07  8.00014e-08   -2.624084022e-16
3.4e-10  1.32396e-07  8.00014e-08   -2.624084021e-16
3.5e-10  1.33384e-07  8.00014e-08   -2.624084021e-16
3.6e-10  1.34372e-07  8.00014e-08   -2.624084021e-16
3.7e-10  1.3536e-07  8.00014e-08   -2.624084021e-16
3.8e-10  1.36347e-07  8.00014e-08   -2.624084021e-16
3.9e-10  1.37335e-07  8.00014e-08   -2.624084021e-16
4e-10  1.38323e-07  8.00014e-08   -2.624084021e-16
4.1e-10  1.3931e-07  8.00014e-08   -2.624084021e-16
4.2e-10  1.40298e-07  8.00014e-08   -2.624084021e-16
4.3e-10  1.41286e-07  8.00014e-08   -2.624084021e-16
4.4e-10  1.42274e-07  8.00014e-08   -2.624084021e-16
4.5e-10  1.43261e-07  8.00014e-08   -2.624084021e-16
4.6e-10  1.44249e-07  8.00014e-08   -2.624084021e-16
4.7e-10  1.45237e-07  8.00014e-08   -2.624084021e-16
4.8e-10  1.46224e-07  8.00014e-08   -2.624084021e-16
4.9e-10  1.47212e-07  8.00014e-08   -2.624084021e-16
5e-10  1.482e-07  8.00014e-08   -2.624084021e-16
5.1e-10  1.49188e-07  8.00014e-08   -2.624084021e-16
5.2e-10  1.50175e-07  8.00014e-08   -2.624084021e-16
5.3e-10  1.51163e-07  8.00014e-08   -2.624084021e-16
5.4e-10  1.52151e-07  8.00014e-08   -2.624084021e-16
5.5e-10  1.53138e-07  8.00014e-08   -2.624084021e-16
5.6e-10  1.54126e-07  8.00014e-08   -2.624084021e-16
5.7e-10  1.55114e-07  8.00014e-08   -2.624084021e-16
5.8e-10  1.56102e-07  8.00014e-08   -2.624084021e-16
5.9e-10  1.57089e-07  8.00014e-08   -2.624084021e-16
6e-10  1.58077e-07  8.00014e-08   -2.624084021e-16
6.1e-10  1.59065e-07  8.00014e-08   -2.624084021e-16
6.2e-10  1.60052e-07  8.00014e-08   -2.624084021e-16
6.3e-10  1.6104e-07  8.00014e-08   -2.624084021e-16
6.4e-10  1.62028e-07  8.00014e-08   -2.624084021e-16
6.5e-10  1.63016e-07  8.00014e-08   -2.624084021e-16
6.6e-10  1.64003e-07  8.00014e-08   -2.624084021e-16
6.7e-10  1.64991e-07  8.00014e-08   -2.624084021e-16
6.8e-10  1.65979e-07  8.00014e-08   -2.624084021e-16
6.9e-10  1.66966e-07  8.00014e-08   -2.624084021e-16
7e-10  1.67954e-07  8.00014e-08   -2.624084021e-16
7.1e-10  1.68942e-07  8.00014e-08   -2.624084021e-16
7.2e-10  1.69929e-07  8.00014e-08   -2.624084021e-16
7.3e-10  1.70917e-07  8.00014e-08   -2.624084021e-16
7.4e-10  1.71905e-07  8.00014e-08   -2.624084021e-16
7.5e-10  1.72892e-07  8.00014e-08   -2.624084021e-16
7.6e-10  1.7388e-07  8.00014e-08   -2.624084021e-16
7.7e-10  1.74867e-07  8.00014e-08   -2.624084021e-16
7.8e-10  1.75855e-07  8.00014e-08   -2.624084021e-16
7.9e-10  1.76842e-07  8.00014e-08   -2.624084021e-16
8e-10  1.77828e-07  8.00014e-08   -2.624084021e-16
