#time X  Y
0.0   9.999999999998517e-8    7.99999894461074e-8
1.0e-11   1.011413825518917e-7    7.998397165461136e-8
2.0e-11   1.0244335936085785e-7    7.99806678892107e-8
3.0e-11   1.0375884423450333e-7    7.998501735587426e-8
4.0e-11   1.0500407280238705e-7    7.999368875668446e-8
4.9999999999999995e-11   1.0613767047607396e-7    8.000414066237675e-8
6.0e-11   1.0714694940742557e-7    8.001446170332414e-8
6.999999999999999e-11   1.0803832682632128e-7    8.002336663840106e-8
8.0e-11   1.0882919435586913e-7    8.003020467028049e-8
9.0e-11   1.0954118495473141e-7    8.003484431283456e-8
9.999999999999999e-11   1.1019610607541218e-7    8.00374588142976e-8
1.1e-10   1.1081389898444362e-7    8.003834934400813e-8
1.2e-10   1.114119902104567e-7    8.003782911815255e-8
1.3e-10   1.1200555126467255e-7    8.003615789015144e-8
1.3999999999999998e-10   1.126080715761511e-7    8.003352123254078e-8
1.5e-10   1.1323197474555153e-7    8.003003233377421e-8
1.6e-10   1.1388917480591202e-7    8.002574447184047e-8
1.6999999999999998e-10   1.1459144676499438e-7    8.00206715554835e-8
1.8e-10   1.1535056353075626e-7    8.001481325604655e-8
1.9e-10   1.1617814111533781e-7    8.000818542040107e-8
1.9999999999999998e-10   1.1708511579559825e-7    8.000085524522514e-8
2.1e-10   1.1808082929321461e-7    7.999297569828562e-8
2.2e-10   1.1917179766180301e-7    7.998480756692572e-8
2.2999999999999998e-10   1.203604108899914e-7    7.997671258990456e-8
2.4e-10   1.216439965940049e-7    7.99691051531768e-8
2.4999999999999996e-10   1.2301472085253203e-7    7.996236884145412e-8
2.6e-10   1.244605674800898e-7    7.995676855521577e-8
2.7e-10   1.2596718836426615e-7    7.99523986447186e-8
2.7999999999999996e-10   1.2752002351996038e-7    7.994918908195103e-8
2.9e-10   1.2910603119179303e-7    7.994695835743143e-8
3.0e-10   1.3071465280310473e-7    7.994548107705385e-8
3.0999999999999996e-10   1.323380196646512e-7    7.9944541879996e-8
3.2e-10   1.339706500866113e-7    7.99439644078371e-8
3.3e-10   1.3560892675153173e-7    7.994361869624713e-8
3.3999999999999996e-10   1.3725056294184422e-7    7.994341600385485e-8
3.5e-10   1.3889416074039555e-7    7.994329905477844e-8
3.6e-10   1.4053888737058197e-7    7.994323239492338e-8
3.6999999999999996e-10   1.4218425640786214e-7    7.994319474741537e-8
3.8e-10   1.4382998794118187e-7    7.994317363218535e-8
3.9e-10   1.4547592270179685e-7    7.994316185127852e-8
3.9999999999999996e-10   1.471219708346283e-7    7.994315530447194e-8
4.1e-10   1.4876808197152247e-7    7.99431516774087e-8
4.2e-10   1.5041422801731123e-7    7.994314967267373e-8
4.2999999999999996e-10   1.5206039335926627e-7    7.994314856665787e-8
4.4e-10   1.5370656934498144e-7    7.994314795733448e-8
4.5e-10   1.5535275118688514e-7    7.994314762202082e-8
4.5999999999999996e-10   1.5699893623265668e-7    7.994314743766192e-8
4.699999999999999e-10   1.5864512299636114e-7    7.994314733635244e-8
4.8e-10   1.6029131060431685e-7    7.994314728070876e-8
4.9e-10   1.6193749844795113e-7    7.99431472501537e-8
4.999999999999999e-10   1.6358368589787302e-7    7.994314723336145e-8
