#b, uc
0   65.3472900390625
2   65.31587046384811
4   65.28446623022319
6   65.25307733069671
8   65.22170375778134
10   65.19034550399337
12   65.15900256185274
14   65.12767492388309
16   65.09636258261166
18   65.06506553056937
20   61.65535257020214
22   45.04028773041533
24   28.22412317710244
26   15.595745726786367
28   7.813248493558481
30   3.581582437012393
32   1.5243839325181425
34   1.0327739957823838
36   1.016386997891192
38   1.0081934989455958
40   1.004096749472798
42   1.002048374736399
44   1.0010241873681995
46   1.0005120936840997
48   1.0002560468420498
50   1.0001280234210248
52   1.0000640117105124
54   1.0000320058552563
56   1.0000160029276282
58   1.0000080014638142
60   1.000004000731907
