#time X  Y
0.0   5.000000000645632e-8    9.999998708334722e-8
1.0e-11   5.0093650646822714e-8    1.0032649666793266e-7
2.0e-11   5.017606915033602e-8    1.0107513199506528e-7
3.0e-11   5.024732607345849e-8    1.0201413391696486e-7
4.0e-11   5.030804733798401e-8    1.0300591895748596e-7
4.9999999999999995e-11   5.035912722799573e-8    1.0396715743135518e-7
6.0e-11   5.040171252273636e-8    1.0485513128088305e-7
6.999999999999999e-11   5.043716246101256e-8    1.056507885660703e-7
8.0e-11   5.046692742362022e-8    1.0634974876873454e-7
9.0e-11   5.049236677520137e-8    1.0695815085675377e-7
9.999999999999999e-11   5.0514628908466923e-8    1.0748677611723068e-7
1.1e-10   5.053461409404606e-8    1.079479820605619e-7
1.2e-10   5.055298101134929e-8    1.0835419139189385e-7
1.3e-10   5.0570197298860774e-8    1.0871642477065224e-7
1.3999999999999998e-10   5.058659149852133e-8    1.0904402976034178e-7
1.5e-10   5.060239362050764e-8    1.093447875411921e-7
1.6e-10   5.06177729362489e-8    1.0962497326176743e-7
1.6999999999999998e-10   5.0632861395043494e-8    1.0988966313040145e-7
1.8e-10   5.0647768550947105e-8    1.101430099389705e-7
1.9e-10   5.066259356051836e-8    1.1038843552512906e-7
1.9999999999999998e-10   5.06774311766805e-8    1.1062884017668806e-7
2.1e-10   5.069237584711087e-8    1.1086675689455721e-7
2.2e-10   5.070752534163174e-8    1.1110446441138654e-7
2.2999999999999998e-10   5.0722982728492405e-8    1.1134409239686261e-7
2.4e-10   5.073885847217878e-8    1.11587701438655e-7
2.4999999999999996e-10   5.075527273548595e-8    1.1183734956359912e-7
2.6e-10   5.077235746784415e-8    1.1209515553112917e-7
2.7e-10   5.079025892935214e-8    1.1236335501576933e-7
2.7999999999999996e-10   5.080914050936701e-8    1.1264435498665477e-7
2.9e-10   5.082918568100618e-8    1.1294078887882141e-7
3.0e-10   5.0850601208718935e-8    1.1325557108240785e-7
3.0999999999999996e-10   5.0873620330074824e-8    1.1359195118274647e-7
3.2e-10   5.0898505558426696e-8    1.139535656978353e-7
3.3e-10   5.09255506254605e-8    1.1434448206836989e-7
3.3999999999999996e-10   5.0955080675497236e-8    1.1476922722254614e-7
3.5e-10   5.0987449494987465e-8    1.1523278823730117e-7
3.6e-10   5.1023032174900025e-8    1.1574056722127332e-7
3.6999999999999996e-10   5.10622112792358e-8    1.1629826746060724e-7
3.8e-10   5.110535470318732e-8    1.1691168454774087e-7
3.9e-10   5.11527842963453e-8    1.1758637907173063e-7
3.9999999999999996e-10   5.120473645871528e-8    1.1832722196476869e-7
4.1e-10   5.1261319474211955e-8    1.1913783472666137e-7
4.2e-10   5.1322476578466633e-8    1.200199945958264e-7
4.2999999999999996e-10   5.138796664175578e-8    1.2097312724887865e-7
4.4e-10   5.1457373038343956e-8    1.2199403988664323e-7
4.5e-10   5.1530144093436706e-8    1.2307702348669644e-7
4.5999999999999996e-10   5.1605657430484166e-8    1.2421436149974085e-7
4.699999999999999e-10   5.1683291323892896e-8    1.253971521465411e-7
4.8e-10   5.176248445862287e-8    1.2661624657403507e-7
4.9e-10   5.184277211732427e-8    1.2786308192907292e-7
4.999999999999999e-10   5.19237970761829e-8    1.291302533637353e-7
5.999999999999999e-10   5.3463355793753646e-8    1.3065085202268316e-7
6.999999999999999e-10   5.514358822893588e-8    1.2995170868585457e-7
7.999999999999998e-10   5.681926938071097e-8    1.292372468356388e-7
8.999999999999998e-10   5.8489001998277925e-8    1.28514044492771e-7
9.999999999999999e-10   6.01522730215343e-8    1.2778458614878685e-7
1.1e-9   6.180935288314801e-8    1.2705229800687345e-7
1.2e-9   6.346140960265974e-8    1.2632112925461922e-7
1.3e-9   6.511041744471907e-8    1.2559496398640042e-7
1.4000000000000001e-9   6.675884887851669e-8    1.248770117808038e-7
1.5000000000000002e-9   6.84092196205822e-8    1.2416933931526227e-7
1.6000000000000003e-9   7.006362154102386e-8    1.2347267108341094e-7
1.7000000000000003e-9   7.172338929734331e-8    1.2278649707641503e-7
1.8000000000000004e-9   7.338899115531844e-8    1.2210941853767362e-7
1.9000000000000005e-9   7.50601411493513e-8    1.2143959294279432e-7
2.0000000000000005e-9   7.673605071374052e-8    1.2077513695092123e-7
2.1000000000000006e-9   7.841571078455648e-8    1.2011439958498055e-7
2.2000000000000007e-9   8.009811988157118e-8    1.194560875534802e-7
2.3000000000000007e-9   8.178242172750755e-8    1.1879927461864394e-7
2.400000000000001e-9   8.346795779061464e-8    1.1814334497620409e-7
2.500000000000001e-9   8.515426152198997e-8    1.1748791421899577e-7
2.600000000000001e-9   8.684102359244644e-8    1.1683275495034225e-7
2.700000000000001e-9   8.852804982563624e-8    1.1617773869681249e-7
2.800000000000001e-9   9.021522376083705e-8    1.1552279568835449e-7
2.900000000000001e-9   9.190247816484055e-8    1.148678892830759e-7
3.0000000000000012e-9   9.358977545087513e-8    1.1421300077309071e-7
3.1000000000000013e-9   9.527709518513188e-8    1.1355812084599848e-7
3.2000000000000014e-9   9.696442656004397e-8    1.1290324494561987e-7
3.3000000000000014e-9   9.865176408515333e-8    1.122483708493879e-7
3.4000000000000015e-9   1.0033910530393357e-7    1.1159349743283422e-7
3.5000000000000016e-9   1.0202644985083878e-7    1.1093862396533974e-7
3.6000000000000016e-9   1.0371379966614668e-7    1.102837496222803e-7
3.7000000000000017e-9   1.0540116087246198e-7    1.096288728928636e-7
3.800000000000002e-9   1.0708854905767928e-7    1.0897399039475332e-7
3.900000000000002e-9   1.0877600251339947e-7    1.0831909427987504e-7
4.000000000000002e-9   1.1046361465349544e-7    1.0766416628112408e-7
4.100000000000002e-9   1.121516125419091e-7    1.0700916411948309e-7
4.200000000000002e-9   1.1384054453650453e-7    1.0635399134858719e-7
4.300000000000002e-9   1.1553171958104512e-7    1.0569843278053651e-7
4.400000000000002e-9   1.1722820711576253e-7    1.0504202337712399e-7
4.500000000000002e-9   1.1893704046912498e-7    1.0438380015699961e-7
4.600000000000002e-9   1.2067394464972887e-7    1.0372186994435942e-7
4.700000000000002e-9   1.2247348625478778e-7    1.0305271340164053e-7
4.8000000000000024e-9   1.2441226878290925e-7    1.0237009428568455e-7
4.9000000000000025e-9   1.2667115393212446e-7    1.016631530498122e-7
5.0000000000000026e-9   1.2975401494943193e-7    1.0091234183397943e-7
5.100000000000003e-9   1.3552763527335883e-7    1.0009420635480752e-7
5.200000000000003e-9   1.4620479408226455e-7    9.958843895337771e-8
5.300000000000003e-9   1.5043058125210008e-7    9.950701889630713e-8
5.400000000000003e-9   1.5120090184680834e-7    9.948233506667364e-8
5.500000000000003e-9   1.5133453901179024e-7    9.947756504851694e-8
5.600000000000003e-9   1.5135723627940677e-7    9.947673725014818e-8
5.700000000000003e-9   1.513610674902166e-7    9.947659607086928e-8
5.800000000000003e-9   1.513617133320166e-7    9.947657205553166e-8
5.900000000000003e-9   1.513618221764239e-7    9.947656797141931e-8
6.000000000000003e-9   1.5136184051914613e-7    9.947656727677495e-8
6.100000000000003e-9   1.5136184361026343e-7    9.94765671586037e-8
6.200000000000003e-9   1.513618441311837e-7    9.947656713849492e-8
6.3000000000000035e-9   1.513618442189674e-7    9.947656713507134e-8
6.4000000000000035e-9   1.5136184423375679e-7    9.947656713448542e-8
6.500000000000004e-9   1.5136184423624206e-7    9.947656713438514e-8
6.600000000000004e-9   1.5136184423665216e-7    9.947656713436903e-8
6.700000000000004e-9   1.513618442367147e-7    9.94765671343702e-8
6.800000000000004e-9   1.5136184423671783e-7    9.947656713437413e-8
6.900000000000004e-9   1.5136184423671097e-7    9.947656713437752e-8
7.000000000000004e-9   1.5136184423670338e-7    9.947656713438035e-8
7.100000000000004e-9   1.5032710748518107e-7    9.984978575706088e-8
7.200000000000004e-9   1.500590605511682e-7    9.997196894349309e-8
7.300000000000004e-9   1.5001047639442924e-7    9.999489198373225e-8
7.400000000000004e-9   1.5000185566448427e-7    9.999907118997804e-8
7.500000000000004e-9   1.5000032861291046e-7    9.999983122129079e-8
